[0, 1, 2, 3, 4, 5, 6, 7, 8, 9, 10, 11, 12, 13, 14, 15, 16, 17, 18, 19, 20, 21, 22, 23, 24, 25,
26, 27, 28, 29, 30, 31, 32, 33, 34, 35, 36, 37, 38, 39, 40, 41, 42, 43, 44, 45, 46, 47, 48, 49, 50,
51, 52, 53, 54, 55, 56, 57, 58, 59, 60, 61, 62, 63, 64, 65, 66, 67, 68, 69, 70, 71, 72, 73,
    74, 75, 76, 77, 78, 79, 80, 81, 82, 83, 84, 85, 86, 87, 88, 89, 90, 91, 92, 93, 94, 95, 96, 97, 98, 99]

# Binary Search for the number 13 (slice list in half and evaluate the middle number compared to your number)
# Only works if list is sorted
[0, 1, 2, 3, 4, 5, 6, 7, 8, 9, 10, 11, 12, 13, 14, 15]

[16, 17, 18, 19, 20, 21, 22, 23, 24, 25]

 [26, 27, 28, 29, 30, 31, 32, 33, 34, 35, 36, 37, 38,
     39, 40, 41, 42, 43, 44, 45, 46, 47, 48, 49, 50]  # 13 is less than 26 so ignore this list now

    [51, 52, 53, 54, 55, 56, 57, 58, 59, 60, 61, 62, 63, 64, 65, 66, 67, 68, 69, 70, 71, 72, 73,
    74, 75, 76, 77, 78, 79, 80, 81, 82, 83, 84, 85, 86, 87, 88, 89, 90, 91, 92, 93, 94, 95, 96, 97, 98, 99]  # 13 is < 50 so ignore this list now


2 ^ 0 = 1
2 ^ 1 = 2
2 ^ 2 = 4
2 ^ 3 = 8
2 ^ 4 = 16
2 ^ 5 = 32
2 ^ 6 = 64
2 ^ 7 = 128
2 ^ 8 = 256
2 ^ 9 = 512
2 ^ 10 = 1024

log2(1) = 0
log2(2) = 1
log2(4) = 2
log2(8) = 3
log2(16) = 4
log2(32=5
log2(64)=6
log2(128)=7
log2(256)=8
log2(512)=9
log2(1024)=10  # binary search in 10 steps
